Praca_projekt/draw_data/tatry2.asc
ncols 200
nrows 200
[rows 105 to 125 of 200, columns 141 to 187 of 200]
473.82140802859 473.00698759467 472.82451546859 472.69850130382 473.44570943157 471.35453302392 471.00299721604 475.19179907424 492.61699117688 516.45949428309 526.48557988103 525.35891244728 532.78393402874 537.50058654466 552.97766670175 573.71749412529 581.51320208047 591.72763740257 611.59147589534 650.07796447542 684.27177647242 713.25198029815 712.56712979842 686.41246507189 701.74767318663 726.64779715576 740.75609815455 741.95233167 724.2227518288 739.53663888691 773.82550221317 790.08496396199 781.2527581794 740.66455311634 731.69063258699 698.44510885097 671.43673188862 686.26666552054 701.37929902677 717.66198399501 745.48499249971 754.79759809342 745.476154374 707.02044046257 676.76046170921 672.25124658298 642.4970017249
471.04917025967 471.94123413424 475.49076472587 473.2892085654 474.89703056692 470.55480966666 473.23944133492 471.78366754695 476.37583288978 493.74485745636 515.53457167741 531.7535504838 542.55939270563 559.83414765165 584.55201296554 590.72451802093 594.82966304995 599.27499424253 619.96980320031 634.67288626507 659.82943813993 678.28687344013 680.68869328514 701.55912789329 728.70536073823 729.52540122757 689.22732706802 673.40688143121 670.94451455493 679.26447225571 731.97488087567 779.33491799352 772.92557378323 751.24080660719 702.14235637362 681.91077558286 643.13007984598 688.56310567293 726.11396438539 713.7738925926 706.3903746233 738.70138534518 771.04050179094 754.49372244089 738.40142063251 696.48325060424 651.38189806593
490.55787275156 486.79018152732 494.04823775303 500.35242242616 487.94941824749 471.15221248293 470.35078579913 472.95429780252 474.91479727837 494.64728140915 514.01053507615 521.7225576922 534.0646631522 552.05448339829 579.91786683356 614.68933577248 652.88833571018 654.78956987899 651.4170949518 664.19685642149 658.74228016219 623.66711646186 618.54002411914 629.94417286989 657.98679650155 690.06505607644 639.47697341264 608.31514942846 659.65448418479 704.46818735643 733.27116857945 751.20985318146 737.40008543876 747.33497709439 743.5088080053 696.91839651497 636.79330649497 669.1825729829 695.74649474592 677.19377721957 702.73020784981 738.78365008087 752.98522540623 739.59445958533 683.22012284269 668.47525914757 635.00419216401
525.56919368638 531.37002738665 537.78867999227 541.36098623245 503.29405343372 467.83278520217 472.05108203976 474.97793068736 478.87886329752 493.48375183155 503.5943721288 532.38221275695 548.30301347426 567.29293698247 581.96403363323 602.38543521504 639.04087428275 679.55951458812 648.17314159667 618.30998077158 616.82110445583 601.7376781275 573.60704087747 584.93897039999 611.23425984353 627.96404095134 599.7384048797 578.18892097249 622.43425005527 671.19127322792 719.59840810875 740.07165286958 697.54757636303 681.17987321638 675.33683158711 692.42083287078 666.96998491432 638.6969210125 665.23398256252 686.70187739301 706.02494170704 704.0358487038 725.33468908157 726.66265194013 682.16027082997 630.45864377795 615.34879275378
563.20786691376 579.13950443142 570.70802235991 543.24935644492 514.37955611842 470.13291218946 474.24028831374 475.11035850771 486.13983275458 510.92330902866 516.40732286228 533.22599677989 556.12988296299 576.89648310601 596.55860134349 619.47928054434 650.22286003042 618.7090960794 571.38809212852 533.91072822486 540.09728757594 540.35871224004 549.03599314968 546.47138101584 571.05235953828 563.76228112082 564.09709966015 608.3814479907 648.64744076701 643.2803361371 670.0978331746 708.356922591 712.65741363976 694.94474365674 675.76030860545 648.63228824949 620.53637067911 647.00902569695 683.73240899294 694.66214362712 666.92633391827 648.32147062304 690.62672050767 648.11467031296 659.06960544371 602.9130378755 593.48838316246
607.15123142434 599.03764360897 572.3643629234 539.66597141135 517.93427845096 473.45516813716 474.90098659874 477.27123914023 490.17315529624 511.13786111089 538.00694341998 542.97843854634 542.62992017361 562.01102473352 592.35799697917 623.68365794289 605.03482520806 551.43398133275 511.71718365443 498.76743513175 492.97926237903 494.42553851094 506.40498381492 525.39492553788 532.22997010914 536.6443632987 568.12844072283 594.59651698619 599.47975934656 619.52669278354 670.21379374883 695.35046782618 674.67295104145 662.15417829705 666.73748022505 628.6774764826 604.50411468048 614.98229434243 658.54849509151 679.57243718796 659.45472065635 610.05340586945 623.45640843423 576.6298929734 573.02302025357 617.15967621442 621.47066602679
655.05907685775 619.54383518216 564.57895114364 538.63007816564 519.9747329321 475.92592682896 471.64650540433 472.10169593481 475.10578612527 494.82246599701 512.11799409726 550.04033562545 581.4245421945 595.84956478534 613.44550261239 623.63668591913 586.64606089283 511.27593811772 491.86794871317 490.91244650719 493.31912538276 497.02954239041 500.09762823785 507.26504152399 521.49151281843 541.33989173891 549.90034401031 559.02023224679 596.80951389251 630.12758301963 637.07560272825 659.15346895135 695.20417249831 680.34183977637 646.66775400827 661.44427402054 641.78867488507 572.34263379721 627.75077679907 662.17327315332 657.30089736175 617.55328311642 562.31706192582 549.85875759441 586.08669342305 622.03977591772 626.31558584974
675.71931780094 657.1770817582 594.21363336781 549.85236714653 528.24664609299 502.03598688551 476.92642752909 476.12562500717 477.2332190482 476.82650832567 475.39215971518 482.27088665283 521.89949477195 553.5219782273 575.42710394656 583.16384388139 565.73164957201 502.05713866118 491.37351350392 493.55146484027 496.06207991916 493.51480223007 494.51640328226 502.69624449892 518.87372487869 531.74752051223 559.87223770646 588.87219212396 607.17053590432 590.09188836967 586.44342199349 638.2462497842 673.91751810408 676.90963017444 646.26835435551 641.37321914264 633.31163378428 585.05149744858 581.89644016066 635.13743536798 626.7282904432 571.97532624503 544.45297441985 563.63118301524 633.80813654664 693.46491771765 682.67181057162
687.27984987048 686.60551100133 637.71566426541 577.42828527734 548.32538111384 539.06138550192 517.26336160945 502.2855618852 492.26908446278 486.50626617956 481.11010062496 474.70234602678 475.91129178414 499.10212938175 529.2589394082 560.55393532071 539.23330205827 484.312197399 483.52026302427 486.85889356347 497.89266678692 491.70875402673 495.1549695121 506.17508268107 511.48462530899 512.75953627984 528.93162634276 506.31910278043 499.32463585573 508.94379081415 543.99903377768 575.28408653603 645.01401262948 672.43402792731 637.35072478794 613.98156200434 607.96563536922 585.46761022983 561.1485003876 551.04611656554 568.16375102329 541.99749242089 564.48401811719 607.32791127218 636.6155074112 673.70248254921 700.52522583449
669.96379268269 664.18605134694 668.9027121656 612.7469037241 579.43943486771 566.89837244407 553.15605629514 527.73564429494 503.75054253762 499.5193187709 479.90702626239 478.7135956162 476.2705599587 478.9640998684 505.17209979676 546.54709655305 549.84661097298 485.57115258607 482.89568957825 485.12259886006 484.8733998049 486.11187197861 485.2133496181 487.27216084936 486.76005578065 487.20899472908 484.89885609767 483.23232483169 487.0884578395 488.73370233914 487.51590851231 497.77480586294 548.4750053054 609.53191680625 686.72086716613 685.79087965984 665.00090024489 637.95885289366 627.2517519453 595.27192169081 544.54660191519 535.088120876 562.24107997776 597.40039817798 650.3931338049 672.7715073285 663.33478732869
638.16659113505 592.38850500076 598.63561705426 601.26468946233 577.23021295694 563.81726767836 549.27276497967 535.11790863926 516.82203122396 480.04253262522 477.80994207689 481.0354349263 478.30450702035 482.63806861733 495.82654178555 526.81286456258 533.95558134758 486.71052893737 485.20633426326 481.61113410951 484.37766340924 484.10665614715 486.51245926044 487.22374992653 483.69653771338 484.39661583423 492.92270448623 498.42493101181 496.52609350631 496.39171622656 495.36405485864 488.13924258601 497.53020211756 557.82256383961 649.90468638832 701.18185670885 690.70061100798 662.87785913678 617.58222134192 568.26891148201 539.18544257952 541.9952297951 612.81103315091 648.92460872069 630.94746054049 644.23195396518 644.01441625777
624.56608072961 587.70439344409 567.4378615312 545.37403022767 528.73747099883 529.82509908478 511.94294633877 501.37676808169 481.51461283381 475.56397003104 479.87241789791 480.27851932009 478.95350823937 486.96489315073 495.51271746162 505.72810869046 489.27932047978 482.77080770957 484.38480295975 498.53277830369 520.6603461693 544.29094315211 569.90679084253 543.53582467359 523.54806082934 523.34283037108 524.2898572954 517.93669499939 506.15750852692 488.37936177048 490.28544403255 491.04433751307 492.15010493308 531.85935761443 594.6069381616 623.82175195035 605.61703683326 608.28085896364 616.57863702354 553.29128590452 531.11028205356 592.28520706511 594.73376349516 599.83102170473 587.56412417304 609.43844310093 613.11251474893
613.45294178169 595.72191911139 585.0712624923 552.71889021064 516.11249393232 499.04780888522 504.50751579485 504.88131289367 502.17791361445 480.48924504443 480.77973442062 479.92616897492 481.86464439707 490.36070275379 487.05547829955 481.49376768063 483.77569884449 482.828969617 484.3008187334 498.334460821 517.73585843263 546.14347672862 580.18187265193 593.98972358475 587.75160928122 562.71400422498 538.47614827382 517.99328691869 492.30738827824 489.91873072904 492.8316824268 492.62485148212 504.82958997824 535.06245021716 583.25389905393 619.04675369768 596.50755492194 569.73073348505 568.37252071563 526.6839050685 541.71734947507 555.26523650483 550.40012993669 555.88516499608 570.4345961435 579.32888144199 567.03827944475
635.94762668506 600.19956959419 566.6873230776 540.25040189445 512.5445991595 536.39985475692 562.58469444888 582.56951735191 564.54763643598 516.39039716048 482.31140512294 479.77352932836 481.32128338717 481.2656021419 483.92153838145 480.79503576962 478.11072921821 483.92768871758 486.08949804717 510.12770568506 533.42087198757 560.77786212571 592.03130147998 583.79680286637 559.82510096212 548.4734684042 525.56393453053 499.94611181195 488.51333153699 489.68503276455 495.90094881069 495.84222677395 516.76226637848 547.17827030712 588.55459806938 631.23800042636 638.1182014124 599.84807722816 548.6342433692 523.04662584573 553.02141357857 574.31758947672 568.10711078052 579.592485337 617.81016486292 631.75463649868 602.19677012949
611.67373750315 590.29391083394 558.189532902 533.26888993731 527.92030706393 560.29750907784 595.83152662465 605.44932460564 569.81170298418 531.13483605977 509.19333737414 492.17960056996 487.94334403887 479.86637758311 479.57531191993 480.23182176646 477.50228637776 481.27196414049 498.24448279238 520.19483313977 542.002153024 562.88870287404 585.9175651521 571.10760492905 550.32467362317 529.22543044143 547.99248094513 520.14192450534 496.08058488505 492.96199014632 495.83520642253 513.843570267 503.24517026531 538.34145217087 575.19393599114 622.76343093137 616.66254613349 578.24727474171 521.07549252347 533.08282944378 559.66048252883 599.7062075653 614.63955195507 626.24112893641 642.32484127319 663.67743577487 650.04373166437
626.71217407274 605.21746455741 554.31198486963 534.82265477216 557.22208120412 586.89923667675 613.10661706527 608.88439584837 559.90693615274 522.56344921028 496.21529018727 512.2879143844 550.72039612316 571.42411706987 553.27263684339 526.60824107083 545.72047434052 558.18896390475 563.75013399045 580.61905398981 583.31718822651 568.00328197239 566.54399127618 554.88719058505 549.77284052941 555.48313255609 538.01365866476 504.57385486466 493.98830734255 493.60370571386 496.22218049522 500.88753609198 514.04212313713 506.4157280797 552.57460958141 568.57991089709 566.06413010678 522.2576466668 529.31043416317 570.6373762657 601.36155416423 597.88499033661 629.40586410419 650.08713843802 672.54452621717 704.64798506286 728.50170182081
579.95989791122 568.78282349581 553.19405331908 558.56750613902 582.19043362793 606.79707437337 614.8983248753 611.28787549192 555.77380192097 513.94953872632 519.11261602185 540.73747927277 554.91555243572 564.41698981837 594.98230272298 603.25433892272 627.63290770879 662.97611030115 652.56890438151 612.34014535916 595.18233404751 607.79469895675 601.65223623253 598.09276172634 586.32030966613 547.53999651195 518.21779132526 496.98116035673 492.15715523944 492.20584581683 497.6390757346 492.40630744115 515.1309498241 529.78244809878 511.97787339688 510.96921445768 521.43916733471 571.95162700134 561.63914028494 590.94571601897 626.42735024798 659.09140506679 695.10289689477 718.00036574227 750.36875738444 779.73324482355 790.85366977031
610.36784933516 590.42608329872 588.75335543581 591.28305134422 608.17858596602 628.71997778843 604.49086985814 574.60301082153 536.11410281368 519.51039772106 546.57448197511 592.32148553288 598.21366121446 616.79219976663 624.17181281362 655.16246495066 684.17061479341 679.05576747455 669.32236064887 650.31898537703 694.99745307051 683.18877057932 667.62492458719 649.35954941242 605.60906846375 547.8400432251 522.7472011818 498.29777317761 496.33471717733 496.81810794517 498.1089272461 498.2523164696 497.55588707545 538.94917827428 564.3126765248 563.19984490995 567.55107150122 598.35848078745 599.64360933828 587.29238882408 608.53704637948 636.7767290693 666.18488665804 707.01843666656 753.57797628989 802.11258251769 835.30413595128
623.89880990754 612.25124181809 615.72823211269 608.74081280488 616.72761815125 636.72782478717 612.15490705807 578.76361719306 545.64536160179 527.72553928613 543.03757741305 572.43686601625 611.80919532783 650.00757815274 674.64584646978 692.0033270685 711.53217247097 709.11383525736 686.67498001269 662.46354376546 685.85333990538 732.52776520142 755.4851598401 686.89698612644 620.8974872762 567.08243542892 529.66787849697 500.0103062237 496.55086571073 503.1123464327 497.43604368156 495.43494755647 496.93060652461 528.22797317164 563.24188391013 582.07957757506 603.99671774296 628.97625003531 652.0849266062 650.93214406912 653.69650495885 660.17408318592 680.57113082169 694.55736027477 707.47355509589 738.67012156565 775.44688934961
646.05036789665 643.6307345335 629.61853450979 626.48171803112 657.03542551783 665.38196993843 637.43010274423 600.09370363632 569.45241900062 542.68684810032 537.18631285436 558.67171126776 601.52556105801 657.06345167317 674.84425467376 698.60729161968 714.95477634537 734.50086134355 727.09586024491 704.29818897067 698.69394867835 701.27636203003 727.17050646583 738.88338828453 692.58924077685 629.70110493294 570.5915076651 519.20628736833 496.65435834108 496.8108906805 497.68507506961 498.51285630101 497.70577871877 529.04625910308 574.80341732321 599.19636312192 634.74947817754 676.51986698263 713.14225398786 736.10984282659 739.1586585948 724.52660871302 708.82143695873 678.55119348876 654.99729936579 682.23206332106 716.26496059503
671.4770196228 659.27882572903 648.16765087632 643.46946280169 658.10217595118 692.90422418255 678.33148161066 633.83467995229 605.03392935395 580.27556221526 551.08364303636 550.29364120182 585.00693701367 611.41929401966 644.76441727603 670.2984232368 692.31565862766 711.68941421666 732.00005804249 751.89389724812 739.02700051723 743.50546136587 751.50332899953 730.53116236058 712.87886053386 697.96780823347 651.53727859985 572.51428221205 517.701598569 496.17032843208 495.74936763918 497.75121263731 502.6601894763 565.65122719969 589.421242607 634.06798826924 686.53486228032 734.93672380126 778.40836591166 795.3763802379 795.79460082124 804.01861501246 768.6133540338 697.63557900773 652.74870038838 629.46569825869 650.21052148466
