Praca_projekt/draw_data/tatry2.asc
ncols 200
nrows 200
[rows 42 to 62 of 200, columns 141 to 187 of 200]
468.1519735932 469.84332389902 471.79633182918 471.69870394284 471.89481325783 469.30635112795 473.10319794911 473.90384747033 473.06501723441 474.88611801072 475.03402734991 471.7469956911 472.85559275993 475.93889178554 484.55017700588 527.45511333605 584.10765005948 621.37020053745 643.36308533313 618.09677170339 577.15358163646 530.70279845164 490.43104775076 476.84759575436 476.50050281011 477.78454540607 480.21687761867 477.99769439454 479.0619152508 480.95808222519 480.18270659879 481.68597451093 482.99537258121 484.706781111 482.86159090892 482.82218664226 483.26045592692 483.92314010007 483.30506236073 484.9524315836 485.50079451245 485.61227652144 486.92273925632 488.55219363311 489.87702687397 490.72481714546 489.83622519979
476.85893668024 489.57308229647 493.63518253124 493.13673322032 491.55167277553 474.94042686367 469.41030426005 469.85027932111 471.36562809642 473.80503643141 470.1325223022 471.58111863031 476.80928978575 496.10558094532 480.53135218477 495.42515207367 531.55975739524 565.08783738306 592.1493084802 612.82220576904 630.25849132625 632.33115712691 623.28152584926 606.42763928692 588.44610901668 552.20837264084 498.24698642792 485.27722590734 483.58496437451 482.64992715533 482.07353990194 484.76863457416 483.98435349547 483.69468238347 483.60591796716 484.61705041723 486.20248086723 481.35213363438 482.2030119746 485.72371166277 485.23280551668 487.43843047286 485.41357142514 488.05494006062 487.93810541906 490.58206934234 489.20582882719
524.82791560694 546.78829485859 557.50842063808 570.84752496319 572.32644203253 554.0750712942 525.55316214642 499.47538036861 494.75267803965 476.67235448026 480.06439852101 484.67571362647 495.44695111531 501.49601404837 483.86426252905 482.68360778154 498.97767210668 519.55633382795 528.32409038335 544.00393913759 564.45279509454 593.51387868836 633.72801112778 671.34800286325 664.13529568795 644.53807692801 574.60334622381 587.35016071412 550.68252822703 499.86892381091 482.46513780613 482.88783128679 484.08968332009 485.6127965976 486.78549450789 485.89236631047 485.38816653763 485.65698246309 485.90364830646 486.01108505479 486.23106162427 486.25590240213 486.64118817486 486.16019474889 487.64574878241 489.87117987477 490.85605111615
600.65871592757 633.39949434665 645.07117883246 657.76414567754 642.32010909294 614.50491880257 584.21208055009 549.41905189246 520.16089581283 513.58265759308 508.79759692068 498.72327548329 511.47704465283 497.82796205847 488.12807995984 487.80920838481 493.18364398227 500.78061759752 511.14355323194 523.81799806829 536.33826074933 553.24358062039 569.78744765511 600.7608608483 605.71668758829 605.13523160742 589.54802139695 583.7698716109 582.28361984949 559.61793063583 497.5346556136 481.66901441387 481.70672022499 485.57430494669 486.20300340539 487.9195516143 487.41520787618 488.00460178585 486.31493559362 485.58033314417 486.14845733611 487.1730819442 488.65992138427 488.13529655705 487.47689104081 488.43354206578 490.0088132535
702.81170074744 723.46532816472 774.99236643568 763.97249340388 716.28804017373 672.2112789319 629.80162093673 594.46857352833 574.86069297949 549.64532959939 520.06081387491 524.51487390028 519.41264999253 494.13298967755 492.58836237947 492.54494702464 498.37418911032 510.46691556243 521.37189440955 524.75881938878 526.04074946582 530.10198811026 541.61826699041 560.02291942941 564.71079263259 569.69961311598 572.70144877958 578.53307745072 581.55736934278 577.35913772487 567.23191886867 517.48545021251 486.07421747227 486.08453814648 485.14786781122 485.23430921344 487.18962712129 487.87420832363 490.27041648019 486.38352425226 486.67572859233 486.31093859409 487.5051332144 488.13280260493 488.7776100788 488.29552162199 489.31544346604
736.55072594146 812.88070260492 907.08938419949 875.55877274507 793.56839692689 713.20879199913 663.06856287161 627.93914132816 594.90164737485 564.72268004245 533.39595886326 520.8374813688 501.29856947356 498.05504493797 494.93572778794 496.68742303957 500.46390272587 513.30729474431 525.21511070991 541.17515351301 541.67847532371 542.34067928106 538.182872152 542.4768938826 544.276745561 551.38387330493 556.00046936692 563.06563990751 570.83990757057 577.40245384858 566.42877266705 528.27766908323 498.82499356297 491.8727141801 491.31465217876 490.1169729551 488.53139789538 490.90187732736 489.52962490275 487.75984720851 489.57846122785 490.32068410221 488.79338668795 499.02454366042 501.38961383502 508.60571883031 511.20924208412
849.27267815573 914.12332133259 944.61287580314 876.92954770455 796.56759251886 729.39025529166 664.06961660136 625.10505474855 581.21267362007 555.30128595278 538.34510023546 527.43061170102 500.74814630763 497.30462491173 499.52068957165 506.28722132375 516.56605282229 517.1262117912 511.6970359427 514.20690797574 529.69187307586 548.59136256521 560.96904583301 563.48457439139 557.08317861889 552.27001519708 560.20805399762 567.99630247524 558.91952467438 537.77954268537 522.61812975788 510.07904936458 500.08605987876 512.18398311796 519.19491891457 506.20888601632 497.47225055514 499.94588835522 505.27253327428 508.22382724637 508.95923363593 508.75171148196 530.98492067755 544.24909118688 547.28660011301 539.37613490242 542.73281642123
950.93589280609 919.99625354397 863.15196711617 847.36835794446 771.37329408604 686.99797805004 636.09246040951 610.74312813788 587.29003252329 574.30675688629 545.45567070191 523.86151236401 503.18077525848 503.1907452136 506.26666285558 516.51112157529 532.22775661694 547.13217554073 540.19258919918 526.64274674593 521.14458779844 527.70635406812 534.56597796071 552.05335594752 569.41674525958 567.52996944779 564.3486965869 551.62328939825 528.51203175176 520.88137564976 512.83426694517 509.39088493039 522.11153577279 531.84788420499 515.49108783323 519.88909540352 513.65651276033 507.64814276044 526.30595487918 539.76783146158 542.96585934649 539.26535624939 541.63593192524 562.14275091958 583.50394341449 581.12644294168 576.82409986924
995.51638297416 897.65781784052 809.18952242286 744.17764566899 706.1783947337 662.03455653782 613.95100963971 595.90853456587 576.53752877304 560.86296454181 538.67070658845 513.35483651752 506.18976912999 506.6481287786 516.1905584718 538.49336307987 555.52591371768 567.43008858231 556.31699907293 542.54387837438 547.46006350385 537.48494266339 541.08670424212 554.48888361773 575.32024113697 588.81021952885 568.95515019951 544.61745742591 537.39719177838 536.37295282861 531.20108866061 538.13103582322 547.53393105865 530.33076390861 531.92352193629 542.98355951188 539.61414685096 523.96471539206 518.67843705385 516.46862165645 525.67739722068 538.17670995629 549.69888227092 568.86149949083 584.12031383203 602.99551489905 619.72463027213
942.52168168388 872.99591173309 812.43443473659 793.52803571075 765.77235672059 679.41158705029 621.0934636268 583.15916013141 562.00406531445 543.43178266954 527.33118394982 514.91319252553 513.98180196032 534.8878059895 542.51367584877 549.27970773505 552.73117872587 573.50059663707 580.99685065211 571.95438390298 559.64066473896 560.63879816701 562.01315151795 561.21144730849 579.71279808784 596.66885350458 584.04094605686 565.99418208123 558.26454664531 559.70263223886 545.84555155338 556.39983631385 549.23691436169 543.41436958371 558.04736873309 575.34288167565 586.22903089346 563.59860600055 556.63903642501 548.46320773736 550.54920608606 542.73047621572 543.03954647601 548.04895191729 573.64977603147 598.33506755434 619.67184845744
924.4036378601 860.38447990574 816.03197397298 785.06602901377 713.10862250228 654.5295007052 607.89097446697 580.37351139291 561.95820782429 533.70479707707 519.68291892755 517.04802063164 531.08902587038 541.15358326615 577.98381069007 588.02472004868 581.93336126269 584.28456863409 586.86653523351 587.57317737594 596.59392796119 593.91709233923 600.8286380211 596.01838777418 605.83895127728 620.1352369923 617.46330762805 598.62748939123 583.34566149105 575.46263240395 598.31172390255 586.50754154724 608.46174735504 608.66654177955 611.92718306756 614.6183715603 615.11889267216 622.98854013346 609.54541872977 602.22203671241 604.21478454874 588.68728997707 574.32345311755 568.77894536131 566.25018213643 604.72659993546 635.40864785432
796.92424234896 758.50230859725 713.38348280556 690.38475455966 649.69960092831 603.36044131644 580.21727884207 584.66142072003 545.97161587488 526.54880659068 526.96444877839 551.1486770971 563.19271411754 576.65500010472 577.1030129025 599.83883357063 606.82160148403 621.99600996115 633.14251281093 630.04158062281 634.98775567606 632.9380106198 636.07973459546 644.8566206823 658.38053366982 663.08675330518 646.86155927759 627.21848369901 609.80947712164 608.82091181224 614.89817604287 642.29269498405 614.04996458942 662.07622978681 717.38959705134 682.27776536869 682.97361065645 723.8668245317 723.56621764357 721.45759120414 722.22449625358 685.95415216713 628.70485507616 595.70011784441 588.96834372994 600.51582406897 613.98288865241
711.59831439806 695.82335388995 667.10239975666 645.25748616124 608.09772146324 617.67155639821 574.49310848073 546.58126392232 537.49279032544 529.5737944943 556.27564622199 594.73476662776 624.210164414 636.23282969936 642.02277537269 641.02394901889 637.81259396719 654.54746186781 663.60732717009 702.5965732752 706.93802899604 690.16948827048 713.11601972233 744.27508514545 748.36057569537 724.38639733941 692.40795049748 663.10712856279 647.8364369993 658.45262170812 654.23376401028 650.62660173576 670.20792475526 639.85784055798 692.38369167113 731.0610514379 721.99042182132 767.16729027153 802.65775962117 799.705369489 772.79105745539 737.54573433381 689.59720587441 665.13924633342 634.04906605774 639.20289666782 630.17183949318
678.49691677483 661.23092731822 664.20458822627 673.14956648842 695.39133245617 680.57300586748 627.6209822368 594.0489278125 539.42853945924 547.84428257656 580.37175764169 626.09017505182 683.40891076621 707.08875124474 706.99036765907 703.94513085183 694.53996336318 687.39924863113 697.19492620159 710.54260170501 760.9544163041 793.23805804313 772.75509433817 825.65135257916 832.38394486388 793.88927464456 760.42759103355 716.05110370545 688.76929611227 705.31987708452 699.42348134297 684.53407103458 690.86595866803 679.19142514613 697.55484119878 713.03544766329 750.37368496095 792.9943153224 834.7305301729 836.70794723073 796.58413360144 764.94983855498 748.22047523302 731.59995198056 713.93908763427 680.65334240642 630.76301223673
674.49600571059 699.55077276904 715.17518610089 724.94018444201 725.62852084221 713.99061637613 671.89368145886 614.59403297195 542.91791336163 561.54581571996 586.10694168211 625.41332703767 663.9532881677 736.99952327506 783.08789821758 793.09278775001 767.33481289812 740.50684496262 751.6799155587 788.0624446137 787.07338781291 810.06023511791 859.37038604475 869.32637334402 907.38498947062 886.94146728902 822.23280477549 772.03580455716 768.9999838472 778.488852495 754.8437221195 737.69669911673 746.6566853087 708.36600830158 746.32568990192 765.82143047154 781.75451397475 794.81524637513 848.09715499646 862.88125634066 825.7861873329 821.73745614312 804.16828711235 775.07028620764 745.92017456053 688.65003151041 619.23920077717
685.08535310543 687.64168027449 677.82734696861 697.93324583669 705.24326079201 668.93780026508 633.72192399286 601.49626313176 565.93212350418 562.15774570696 557.1557393314 594.95934514003 645.58536441851 708.74917447185 723.08849253719 733.62555619668 739.40676496408 782.08643081816 832.94265897286 879.11343318516 895.61441693095 890.56982878024 958.29716771591 976.14081177748 949.62561002916 939.51794713049 867.6960264966 839.04811353131 848.21563937466 850.12319986332 850.11419432255 807.1772666834 765.49313188945 747.84229763798 763.96124401397 825.82540404029 881.558185688 867.49737073841 856.99163209947 875.14751114626 837.91555762138 790.13894901758 744.94300553734 747.94960320811 672.41172905674 613.94679872617 602.65748459357
706.90138436442 701.41393001039 673.01586063837 654.94964143407 697.99605347589 716.67198288976 678.71766056421 618.68016678684 583.15334401899 633.69068560786 575.80449103653 566.04332238005 605.19803080143 634.4622172504 664.65724773948 722.24490117172 776.00757495695 835.58423791326 921.22485451751 982.83077906973 1027.8553673624 1010.0272434855 1035.5933193443 1084.7238043049 1062.9166082806 1015.6725640419 964.95009472674 951.83695204414 933.52399035769 917.35837471864 911.80088803948 868.93203990332 811.77891281636 784.37912475905 776.55301398504 837.11992937757 904.35495109736 870.96839674071 801.72693173593 790.04775836698 738.54328542202 699.57675558529 688.61550995608 682.17880418748 665.381550851 660.33031142643 670.79375472693
697.36118654439 678.41931063839 656.1808460563 631.42886641237 635.93718070581 686.04877941972 652.25597502765 585.75742496636 614.12615284868 677.7373291792 653.58791406158 581.63724116896 603.98875164318 625.20806433816 653.8072128394 694.96903009624 758.66447079926 836.12685668125 924.49367914297 996.2743812171 1063.9738679633 1132.855125181 1167.6627831601 1183.9429138936 1168.7746181047 1128.826850126 1123.3403840802 1131.7653683291 1039.291189133 976.17044165386 940.15165182646 905.97202847439 845.80786090771 839.39367064104 815.60734965392 806.78034138009 821.76955515329 796.66868782116 744.83222794162 710.33637902922 767.10442356406 804.64849727635 822.27222661682 767.08137904043 751.70532865143 739.26071458263 725.53071598166
702.80591671335 679.51191238239 653.41699465086 629.96730255205 622.36335074718 621.63326581516 587.55049536955 591.82549503799 661.998924588 699.23343324035 649.57271743309 603.10641761679 623.81010619517 610.75960931892 627.11099700247 677.53059095128 750.843650753 830.31599773306 891.40548243733 963.28692118249 1058.8241436332 1138.3926948178 1184.4775062722 1177.4329380393 1153.4508365451 1151.9394594274 1180.1815302158 1207.3110999334 1174.8365349022 1078.1030188658 994.78587279125 937.18183960493 892.71334539018 874.78113221113 838.28868977229 847.90126350298 815.39847013277 732.66791058224 748.6719869963 765.34793886396 800.20456091668 878.79913677069 923.46907379754 852.16905904708 813.26813859502 806.687145752 772.7494709288
691.9536689967 676.26727029667 664.55166268957 668.79168408866 660.48258826835 649.42220409967 590.40937960146 660.29630704181 742.2501651807 738.34518709003 674.5318467695 604.8674102 641.69085765321 660.27827151099 635.28550946516 655.75225221623 686.61355159993 764.45579910601 855.25914646622 936.84247850831 1024.6003191664 1077.9278914334 1085.471014861 1101.2734213383 1053.2258420708 1082.3076997817 1151.9443750351 1211.7003295103 1243.4734907704 1171.3701692005 1065.6295767111 963.71313733381 923.56501569737 880.78479127584 829.84144557453 836.17926126101 768.47207383651 759.75659971028 838.43974949605 868.09259463282 868.93569294208 882.60136156968 934.40639270316 919.568451766 867.87536452298 824.63936823504 787.51141561252
733.40949562663 689.61842697795 656.29964049363 636.55009215415 672.40426015189 612.97789936391 609.8340964752 704.01472921724 765.42519804457 757.52845411585 676.59847582092 642.57059519679 663.70359337554 664.48277493495 693.61417760912 706.95679628514 685.58884389017 724.65962413191 759.91159694404 797.61457847025 854.08961448036 910.73320439343 953.52963354592 982.67129320276 951.01017520721 995.73944969056 1059.8232840762 1100.6956168169 1166.6583612387 1154.0420890254 1047.3539254902 961.11018292296 909.09701036224 848.81096384856 825.11521406487 790.44377634915 767.57593785226 822.88961512702 860.97066426506 915.93370234702 955.57260801363 978.52049695642 967.52368980803 919.55903757758 871.32605078416 828.49728359822 842.56315698567
