Praca_projekt/draw_data/tatry2.asc
ncols 200
nrows 200
[rows 0 to 20 of 200, columns 0 to 46 of 200]
560.99999992937 521.61467816029 555.0970445027 597.33311702164 632.22905833952 635.31593632073 618.36073964096 644.05962294119 653.87515707307 675.52430507725 681.91515791678 705.46008340054 698.83734457294 690.87690186962 648.51540343913 743.18475686845 782.91071166128 792.94704296003 784.70896378117 838.37381362429 896.82880377003 975.48616924795 1019.5451591626 1069.108149211 1046.7873499362 987.68499777327 979.76493655745 977.30089723302 1002.7426567334 1025.1014152997 1081.6589096718 1141.2227352201 1208.7857424975 1218.9907965626 1181.4226415465 1133.5679292945 1130.7226243259 1075.6049308052 1000.6113858684 925.67651290542 870.6816412022 896.10847702391 957.02112818716 1008.3082026471 1053.2234659626 1092.5441837867 1113.9851230876
571.01905964337 609.03117957912 587.80537577518 618.58999248264 684.42041532172 703.94001903581 707.9471687323 717.53026408439 722.60691873048 709.36977802195 725.53277637967 729.78854493176 728.49773827926 702.63441233267 667.68722406804 708.90059134889 731.36833011316 765.25016789527 784.37051576849 831.58234197157 874.82988898138 931.24393269743 995.53363370302 980.79565865521 910.58134923466 858.51392102646 890.89598190476 959.97424961491 1026.9594298188 1084.0448036516 1130.8020658352 1144.1961190966 1127.1848663179 1091.1578189205 1081.9595436267 1018.3616866941 1008.4119887329 981.21507316796 926.36495634406 876.11040126805 825.66848252551 874.76399548571 932.88822818694 991.35218784804 1032.4277886347 1043.9194941507 1028.4165441941
637.37825799264 667.98125507871 661.17764896074 615.76514724818 633.95952586177 649.75917018218 680.60450149993 689.80476888516 660.2988960429 667.66544104821 678.47223951231 711.96145303247 745.08479109561 731.68826099242 706.92926507337 723.87233707293 721.82708782801 727.13284701685 730.26223684889 780.8660502609 830.09223219963 889.89746058262 920.00888692308 872.41201582888 811.54064204082 824.51822122915 926.24380918263 1023.9634712788 1068.0043462397 1069.1715324148 1055.1400608208 1023.2294475328 987.83476341707 970.09017194318 948.95420079431 913.77370938069 897.37315221628 917.21887154253 894.38905351115 835.48740666323 808.40595145132 864.64120254226 906.78315011956 938.4007383803 944.87694506586 938.10672285032 920.15333538371
632.96392568676 661.43486021876 686.33330252363 674.36504246001 672.82220811882 678.68777049872 678.74636605472 671.00053775256 681.03480533207 699.55871628152 728.85692224445 750.160138222 768.16548700269 747.75523347012 720.94412386585 711.58670016041 682.72496694322 684.68065065773 745.67746948495 797.80522348408 803.38043907766 824.28965096618 802.3753736506 750.72602362912 789.20118071714 874.93103729832 961.79476149238 980.31753695789 958.27030119869 938.20127484248 907.31436764954 899.53269402032 867.82045488586 853.71486590313 835.81218938525 832.41211400333 813.17517548696 855.48830472502 841.93941240343 806.60003367381 775.43921437375 812.55263632864 831.54046097241 843.17859556854 854.17326556938 863.18281578102 860.89238939729
637.24794361689 652.13479039202 640.82147112148 644.82386510281 648.61935863149 645.76635758684 637.43074794123 645.63594519443 670.64866451431 685.52621922473 674.04735345173 691.45984509281 686.74772873806 676.15010839987 658.57699292504 677.42526511876 642.57679990789 678.48613810778 727.42808559889 763.86059907678 751.93806893001 739.25048978182 719.77605631652 771.43143573523 849.33450909932 882.6096756791 881.1186364669 872.39612166245 827.52730926613 803.40732413544 793.28498063819 816.21090460468 792.98360107337 772.81461781142 745.25703597038 735.49272631873 730.64911205844 738.7612055191 739.52162683946 763.6295721778 816.60239535297 862.45490092001 894.94824417277 927.94559257036 937.24034698623 945.33419307545 948.6497643209
565.4078119961 599.9022675876 611.577517112 592.73736919444 575.75764177289 591.57621763385 585.51765972975 619.10376729581 641.47598277708 639.78273471371 624.98483069849 658.11612785009 627.03887976751 638.02076998037 621.57136350205 640.02399158213 641.92890270694 694.91037736016 693.00218719766 657.94979189581 702.41454276109 735.06073648386 792.77548776952 819.68386733527 795.09609112368 768.67161629868 752.40762137557 747.55297783153 728.18571481659 710.51597892064 725.65477102522 712.75145069703 702.38980573513 703.13195182158 720.26298978237 756.62405031504 792.9097424596 810.03986280993 806.11327695058 787.6856926213 854.39895238189 929.93657047602 1013.3194309203 1020.7943077415 1029.5887571786 1041.1210836881 1051.7921553842
585.94900551137 554.56273240979 542.60169567283 538.60914541661 537.19732245716 542.00517231977 555.40094874803 579.44254953641 587.93012919606 589.34584441974 596.72573692373 599.6320385838 588.27930308251 581.51144477286 587.05517039988 588.90629601289 609.46928165909 621.30857214131 633.38386527054 660.94671414714 691.1422113131 688.62547617754 675.38249339205 666.07876886155 661.89731368502 668.08602407244 661.68390301255 654.02126810406 665.22335449746 676.22642062784 689.66441490435 724.39018667035 762.11291730435 778.06943938261 807.04902075247 835.03600579393 870.11902314576 913.16804589849 906.88708978442 871.96311792113 853.68785782584 905.99858315224 967.96428493933 1017.9687237621 1058.9694958356 1113.289339878 1117.1666169716
602.91422686631 604.89748642081 630.45692838713 618.00277865481 593.29624844 562.33233886305 572.43101800616 575.30358600648 574.60620916556 586.12662017424 625.70494652559 651.85984634986 654.64372800681 632.02400711333 644.1285907012 661.52247641005 662.56327889659 679.00431650241 641.92897057374 666.22046920709 669.76414340214 688.01137315687 710.90619967565 722.20430028006 728.62430119263 717.84568526223 706.58522801967 710.07613679469 736.44889493928 768.32201842626 770.62148939484 795.04736480527 821.60080287768 839.6393152758 869.13564353942 893.18111895963 929.90837411823 958.22134705871 980.71921244517 989.73733013002 977.1861071604 969.19536935847 1005.5730087789 1036.6658434135 1076.7678081412 1099.3818262268 1043.7866053837
619.56644443493 624.24790412282 640.67804951879 661.3516217415 660.84197152564 611.24610015221 588.47861777716 635.18336123091 656.20922071872 627.58212720103 649.10261273881 678.60199767779 688.13437145584 675.38505542824 660.60276367588 674.20031294377 700.6956235344 722.0248206389 725.49234651019 734.08969347094 751.80488690098 790.06592731181 823.617257316 843.39572041793 859.36227390793 864.09890925743 819.42224950588 809.08473523756 818.98094594626 854.60430222306 854.26989291359 867.89810660007 912.50311133223 952.86392681788 969.00925183462 979.78636622093 998.1521892209 1021.4192504902 1035.6157562787 1042.586865664 1032.2032671601 1029.8989507423 1028.7185684709 1044.1530194803 1035.0254242003 993.91807447072 948.87140734054
610.14995756131 607.00871363207 611.13869753691 640.13096787401 664.39453138063 648.73940325107 613.85486583619 616.18238150051 654.48670848538 671.90013501907 674.1672293715 683.72470884113 713.07096293995 723.11826852548 715.50739757538 695.23816779765 718.03526065343 752.01612093737 747.35779398936 737.1018931661 763.91509313642 798.13057752169 789.51025167962 816.51085380301 863.60908698602 915.0815160808 948.57680022967 931.80063077559 921.17393742868 910.72678479453 922.62576784047 948.49793383155 980.93316683404 1007.8050374753 1017.1187615436 1026.7663334552 1051.4843199575 1084.8027266149 1081.7321749469 1034.2306648323 972.5963235611 924.81794872241 914.1823926106 911.37746704159 916.99031072357 903.82897450402 890.30736506132
563.28293890745 563.67610659064 586.02047855821 614.32110428292 637.26113838942 662.7507201212 664.97628296395 631.45105077357 632.68388300524 667.67158157215 694.95447638852 713.81063392081 725.66689268961 752.24531858175 761.34827317145 748.35519292229 755.07643711052 749.74415564696 729.20997043925 719.14284018794 762.57920810806 751.04765389957 770.19472041323 833.91189480483 857.66103913943 902.41909190099 956.32952043395 1000.9796544429 980.77540509175 971.1150809173 974.75203603754 1000.1938304017 1042.5555410299 1074.892990373 1055.9778768356 1036.5278887734 1034.0330465452 1015.6503553288 989.59407314699 943.16411978241 900.84846298603 890.95134278118 841.95753653075 846.47269524399 872.22424187254 864.25555278265 856.80437136862
549.28556919354 566.38990883985 581.25500477343 599.50700761384 619.64409232511 637.64514770293 652.78847004927 668.93282752522 667.58858084528 662.53909117048 666.22420769255 687.03068621961 717.33217650143 745.52210000549 771.50103251308 763.92669394842 738.3058594677 723.0334253027 722.04181346816 696.17287528969 716.75249066189 697.93348071272 754.40926506587 755.95875695042 781.15567046403 853.97412411718 912.1513072955 891.95625252083 869.02327993655 908.20446574218 931.61276851463 966.8987251078 990.0961084393 998.12109752953 955.66637449594 919.08210558592 927.0686120782 923.19386630157 916.37286628015 965.60461753674 917.6621453195 845.87939835058 798.89220809447 852.80782089777 887.69441279475 866.22759121722 823.08289558941
535.60421797873 549.3223215783 567.07254823858 587.16147304384 599.84576826222 611.32515309694 623.7027874966 646.86128851552 674.87014390527 699.88619451298 713.72682579013 723.03987102865 739.74072775259 756.95953825458 772.4617341203 749.80259837095 731.46795137082 725.04102515975 717.51076292352 688.98380635336 646.94141689638 646.66910383863 662.72315254562 674.63909235798 718.95735597761 783.19718436607 818.82852250283 797.67517194662 831.33568671291 862.69760759966 885.95877030279 904.01925466161 925.03879720769 936.21639772493 944.49713172229 884.95043070665 847.468379747 877.14356353392 871.58593403851 922.33299193773 910.9073874944 848.17433316823 777.26151981481 781.79018059419 779.5347578273 785.39222510423 791.47394543788
557.14405362073 583.50733498285 615.85869326287 617.40057108206 628.88912364551 636.03152893302 641.02527187819 652.76249154464 668.48912728734 674.39672064942 702.0190027624 740.61506548298 734.4131909363 754.61418864305 781.4839365133 813.77178550352 808.83277009893 799.8194242557 761.93436276232 713.49353812405 634.80029554251 684.47176281503 747.37060857292 764.67363253715 710.95342751419 708.63238269021 717.80683574304 741.18939570972 769.71863259942 788.22665624149 822.99303856604 849.39726685371 880.96758597967 931.21110132096 929.38380042745 846.09030332213 793.81389402485 848.28081515012 808.8942522976 819.63623614832 828.97089064911 766.9167665668 768.23271621097 814.2895300706 865.51578461299 890.61002915491 880.84150789653
584.76558841676 616.21689810828 641.5693466861 647.30635745467 644.35968920051 660.31588960443 660.22386368154 651.80633427021 639.47478723411 653.34563024414 692.20438173857 703.32678203168 723.60508676385 796.11875372284 846.12920445433 848.96510733201 860.75665644397 843.52152698191 783.19830776262 725.83362388088 639.53263911076 677.06924413925 772.80727701044 828.66043611369 844.20347172525 824.76911214444 808.13383454879 821.78548118805 838.60649766433 844.88045851833 841.11301996614 834.27202823327 883.13478354466 913.87446850182 897.87095311179 806.64993679426 761.79537581261 804.55715193427 778.20428473899 737.62180377189 735.80561490429 743.69897417492 787.93820994678 825.58456002179 875.31725673481 929.66854888976 954.44648642318
577.66833580614 608.55399187253 623.25812503042 620.89426474221 642.4194741592 667.97500867629 663.27765003992 624.23672619805 614.54775324397 646.26899123694 673.05308678115 664.20528518676 725.25625591737 769.83366323993 803.58236005522 759.86522561 755.60286973889 748.79880378844 683.24297920272 620.01386598116 608.40093161012 658.88512206587 705.30419307754 776.02961147491 854.92549789253 911.21783951098 943.96349359055 950.83298309236 959.81629397523 966.96741129717 918.82303528461 850.91070284939 821.45711519264 807.9407782152 845.21609796085 809.70175889012 722.40999054796 699.08497966104 708.64254845587 757.26853718224 823.19438131128 844.05431404433 876.4109825847 892.85509046136 915.73660145793 925.26884399429 944.80189895161
618.81636892876 623.18229666855 595.93533127032 579.21937051205 595.9701138132 600.33178402724 615.21816838166 628.2626233133 635.35695378949 643.16966015743 612.47422817661 614.38406020667 651.63413642069 696.03311351606 719.90104412956 684.89834787738 650.19263655441 668.65803969408 598.14809161047 635.15077833742 693.01978404667 719.82793836515 763.98480348604 798.6646623276 858.74803640931 889.25507845421 924.46672432014 979.48241411782 1032.0812838358 1012.4393005934 912.4823908259 835.99479239999 774.26642050073 718.66103629251 746.21844193983 708.72602883948 682.3553594248 745.38981929364 817.64633389217 850.90225593858 860.41826674336 882.23585049654 924.63358063273 970.8966849761 988.99204951906 987.44252809337 991.21599912312
597.46452810179 598.2534252575 570.53528714781 544.31828009444 578.30413286608 601.81712344866 609.43630327231 630.4359353214 653.882378994 646.25096326944 627.39584450997 593.90861086265 597.50822004782 617.45836398292 633.33452278356 622.09349999404 588.85691652029 598.43184152763 572.00974531257 605.99209073094 630.58577394092 668.10893671934 722.59701419787 745.89435075418 775.92058186117 829.81541286968 903.73127942558 977.61685520921 990.33395490989 935.58995047529 866.08421036702 788.51808998606 730.09219759097 690.09166285647 664.58484037471 703.73601009846 746.76331301706 812.83634716213 882.38389519063 939.34900321964 965.10621568657 970.61716966131 941.89356606376 893.11354350926 904.00739110385 886.58134640188 894.7006688033
581.42617806339 570.29456025543 540.84073777236 526.99438247345 549.01846565573 566.60437601583 591.23060482813 620.31706061315 647.82331946341 675.56205950002 640.48101353332 606.14804762953 558.14382827219 574.29902346843 578.51208693308 554.68345785719 568.83140257906 610.81066568139 610.93967984295 606.50007205715 644.60288924932 692.45226788449 689.50926208286 747.04055671629 816.31441343499 887.477636595 943.35547739746 980.47756872688 925.0313693861 842.91657146624 795.72982099735 737.44900909161 679.05302471933 662.30247729107 732.73914720322 751.83958245354 811.47615613315 857.66759956799 887.29809683678 926.23291186446 949.7413181527 887.69159126403 851.53829946467 814.47600361967 794.79826045999 804.81610959412 818.02936172951
580.72161489117 568.87603328272 521.11260698152 545.13500415705 588.88934609673 598.37546175361 623.15567619629 670.36977281543 706.71771950564 712.1793244165 690.82846861502 652.38833407766 618.10249304994 569.71868512644 548.81577164132 610.97620583726 631.41846754865 685.37169952502 709.84387109005 697.41642067223 704.93262484437 697.71330614882 731.88318718397 772.89098487487 811.36345356901 845.62884375007 886.09879315671 901.81343205605 864.75941856349 785.29451092773 706.76791759271 652.52795401704 638.80908645897 705.88083303671 729.40527450858 771.89570014348 826.54543826573 877.87797363165 909.51158372847 911.92772322891 887.96778339758 834.71128934685 782.78648463653 762.51831985948 796.82456560514 828.94804524737 859.45724180427
532.60451707756 542.75904672693 510.62293163579 548.89768326795 613.97973014899 608.5433161202 650.55011155122 669.80890587509 652.40123033207 645.85919889826 634.73167713948 635.89800071296 602.60529627354 544.75667358854 598.29133793928 648.15421990737 654.33893621601 654.32896979504 724.57600963386 779.36272749509 806.844346509 808.96068839396 804.15019592907 822.53801149399 815.36421317357 820.76749025251 820.97268840775 807.78887833184 763.07841323473 716.57807862009 640.75857946126 647.737562585 723.3499064629 756.99656040024 806.95563179987 853.49468339954 877.87651082449 857.28611709046 840.085104013 808.05721127625 816.91679992351 769.35484238201 736.98124659232 751.57546322038 771.38305488265 808.78577749915 840.00321496339
