Praca_projekt/draw_data/tatry2.asc
ncols 200
nrows 200
[rows 147 to 167 of 200, columns 47 to 93 of 200]
677.96957815675 714.62913990351 739.48235498336 772.29854612958 823.37332318127 857.6527742487 864.91900366711 870.0630789538 844.43463693892 814.10711860844 831.9166827194 838.11809398404 827.67746766181 791.3264383738 758.00788971922 727.39202654137 749.90413006108 763.4988441991 743.61606287678 738.02629138542 742.50152451751 761.76568766626 762.53438662462 792.08135879519 823.80721458395 841.67765147075 864.43994230198 876.03372762737 843.19359576121 831.09100992331 832.34829011293 788.58328941387 768.70342912075 764.52599208343 812.99086504426 877.3492003198 933.20729489407 964.7676168516 910.05030184834 829.45951328923 754.15562424887 684.63909902007 682.22852861899 727.89921008808 779.51873054981 833.56002100632 816.60944711599
677.85734095722 713.22476580654 740.77239942323 766.34552205135 786.62202402043 810.08679826694 838.64098678515 872.79527688695 881.59442682441 876.37887472077 898.51490677377 924.9380702016 917.87249510788 846.69425858378 780.86972069347 770.27611042629 777.14515435684 796.01585518305 794.98994774112 787.5677816642 780.47031709283 793.63780669145 823.2801726023 814.84601779827 868.17926694484 887.17644864157 907.09159607931 912.67777765768 889.46818922576 880.65085447407 852.92381264887 816.28874251639 801.92096897715 808.62614761573 816.34610323754 848.71868882681 886.03876151153 899.44477519028 911.56753354587 909.64366528949 882.70784165522 825.74396741127 763.23852427441 686.45711596304 680.75445324197 693.42921258468 719.01177483585
708.70019551179 689.46955100825 711.92901245254 742.1474658065 771.64199868877 799.31329622479 843.04605670819 904.01078306289 952.94135347579 943.71907016127 985.56432031448 973.61293827616 874.88167061459 833.78186749482 799.84633424985 810.5194614992 816.39949307018 835.58506349903 830.88383370193 813.37055390188 811.36288818628 835.91786340489 878.08428444633 874.60523881236 892.07813271075 930.36635957109 967.73857415523 956.58464728541 924.08070463599 891.85932878562 854.15867447828 842.97232853742 854.52724647741 869.06305667701 888.16057049441 900.76628346543 889.59422405209 845.26060915264 815.27550745768 810.43163942576 809.01059342156 778.81599782916 719.08179362274 719.21481355941 725.65585067438 693.07771041615 696.10687301627
762.42076934561 730.02195139862 745.71267555618 749.40579265819 764.42637685684 820.44834101661 844.76563553358 866.04969396599 925.41126058539 976.13621796475 987.06706323269 955.24178861132 880.47289899068 848.50510424119 846.37103618697 860.68533530359 858.10695739259 873.73827446156 858.21274310998 850.50203904961 847.34453707677 860.23391218637 879.05284298574 926.38946979272 977.89206606605 1000.1964477836 1006.0488481285 979.77403300143 938.03995118993 907.03803185095 889.98066506261 893.56602019918 922.53856888413 943.86242985765 961.79201117615 945.77790461436 902.60096035533 852.79066409581 817.60514887393 782.30406713579 747.24597269137 705.38703742156 721.13126859631 749.58453958028 738.5489527163 704.28855322263 734.41445318757
798.47164696598 773.33339085805 772.36523494842 782.45613444824 794.57718164268 820.75649251379 845.53464705298 891.39784452395 920.27184768817 948.21709123626 986.42548582544 959.46629384033 931.49470103616 920.28118938863 934.12348869147 941.59120570242 919.52467676598 926.87485336621 897.37822597595 887.99887041547 905.57414387657 921.59235347131 947.46740432909 952.63393407948 977.07218484182 1020.0065128266 1040.1445327834 1011.9112897693 979.2873100082 953.97608059988 950.16186242347 957.39042570389 960.58935337902 987.20218310383 978.7217723668 936.89424489071 893.89644736269 860.8102936998 811.44138552504 760.59976564773 734.2684441445 735.60948284131 769.22707769638 787.424962874 768.58045724694 722.07128336237 766.08652802814
842.52731335068 831.77382116597 821.53676244888 834.0624149998 842.9173233017 860.19238682857 873.09182803716 900.06497729461 940.62800993081 990.56298794401 1021.9196661981 1020.363000241 1006.6435117839 1003.3674807349 999.49065607549 979.47918192765 984.26620259386 976.30815599799 951.30917754973 930.5373771396 940.89378489245 964.37010031378 997.22906027132 1020.4049862164 1025.0324406715 1047.2821507571 1067.0372716881 1057.3379202102 1035.3281242651 1014.8710331204 1005.4559701482 1002.8390521886 994.71767054267 977.7271249359 956.60280220705 916.83022317283 875.76546272247 829.7057608307 811.66529684757 814.71774509165 783.70749435711 762.56055360803 809.19061562195 833.38847307681 785.38022304423 747.13358133264 780.53164233174
854.42078140877 870.41415126416 884.98245039246 873.73161305412 880.56637075892 902.5737465925 930.24959451983 958.8462728532 975.61142283144 993.82337786442 996.36680579802 1015.8543470154 1023.7989152271 1036.7272953128 1041.1372776157 1042.5561487386 1034.0367501853 1015.8935965937 1000.4808624729 996.08332595563 998.6304661588 1001.4578351579 1016.4965452192 1053.9079856408 1087.7214751771 1098.7641380498 1119.5729725579 1091.3400601167 1082.1480765166 1062.9597578398 1043.1407798428 1014.3029412607 977.95824115047 953.21474102143 930.84215139811 904.23082982233 882.72970576582 860.83050982242 850.9670580964 819.17381950222 797.76882167625 820.25155396779 868.74494999699 873.55986627814 813.69583076165 775.1096527735 794.78336517643
822.77488969872 842.54674211972 862.19618582933 873.38551670248 900.90469739597 935.16273899982 951.8085432389 958.21938258424 953.84614685693 951.75994982147 955.42328886465 971.1154707282 983.30419371453 1011.9713142776 1043.1002263466 1049.1762315403 1021.5614008459 1025.7447696304 1035.1136678906 1037.4644060924 1041.7531033584 1054.1761161901 1076.4286193024 1088.9938333667 1121.9202231875 1164.5386964848 1177.9831179445 1176.8595238023 1150.7580713777 1104.6169070083 1053.9910057407 1019.5189864282 1006.9051985401 985.08285958355 952.90721347583 933.26825019657 908.54554419154 878.49952770482 853.60623490857 839.83646193932 859.40891754018 899.62889660897 927.80589629198 911.33110547938 862.29481336717 827.79913859407 810.2015789988
819.29115560447 838.62883832566 858.09785499627 873.82262195034 903.43768665135 923.27211624813 926.38077906242 917.67989936396 902.07761278226 912.06909213138 905.28513667898 912.07295929151 945.22941710587 980.47233271564 1003.0976210333 984.30341931571 958.17896768823 956.01159838414 979.99515978276 997.92580317613 1025.9536201986 1032.0933822119 1040.5168465562 1072.3289563416 1108.23340537 1107.762046662 1134.3900468742 1176.3114835978 1185.9010868945 1132.4520367551 1083.8044853729 1044.8864757548 1030.4786261926 1004.8210377909 986.2404145332 960.01794986634 932.59268297212 905.2086476937 889.35528624772 877.15951784399 893.48141250309 925.67502059145 928.92653501054 906.42906570469 881.94778801588 871.80776229495 854.5001728393
876.03027644824 912.19691784405 928.84931732663 938.5030763701 934.53032945419 906.49628921319 867.33061075926 863.26530696483 842.56466070828 858.93303691267 870.03134761778 877.42030679088 915.88839088958 958.86297798573 970.23303602556 937.97104640189 904.42557540427 920.63625216676 939.64419347069 948.73971040943 947.95492353029 943.8355896245 962.74606627495 995.28521206906 1040.1257455569 1048.2138626753 1088.6412909045 1128.4149166759 1158.1689097927 1158.4822049788 1117.0443435318 1091.9365711522 1061.0346286122 1035.1511786665 1018.3692455383 998.19986053426 961.48624155996 921.06740475473 907.63189051994 911.02433371239 925.61675252576 971.78063354752 980.50181488053 946.69821741943 939.49592729244 947.81718188613 929.95376739519
835.85290549595 876.90477428536 922.73865579153 968.13336698092 953.91759353331 909.88702513307 858.81980223469 818.04751164943 809.19543917217 822.19334228156 840.40331537938 867.89092726314 897.94777958098 937.69709433784 936.53973816679 888.48933647166 863.14002830609 891.4197593345 915.22258466579 888.05848733385 883.86931863868 894.18503581483 909.64500861517 935.7176316048 953.24950151761 993.43425685816 1051.6879648691 1097.9648875463 1143.8196232053 1158.559318994 1155.9017673534 1154.3685718565 1126.3222560513 1074.6708765668 1047.0946940074 1022.7783087826 986.9648793352 949.69747957067 936.41435897173 976.88154013543 1010.3863682101 1029.408718221 1021.0212605352 1013.5946559821 1017.8876568027 1020.9753805094 1009.6645357921
824.51730908632 835.15828017684 868.06434831632 898.53361725722 904.53593973841 904.57949075403 878.78938092493 799.80358710051 775.48630572747 805.61581008208 847.82099057582 889.66900944238 920.98014028444 955.54762944677 941.13874725144 881.62790009128 835.85620040321 863.77703512106 847.77522988847 842.03792143596 865.0583379227 893.6581173076 913.42324108512 926.13781988875 942.87208564062 963.68568095704 1001.8883089657 1042.4248684505 1076.4403900667 1096.4520148161 1128.627259422 1158.9777272996 1159.0519993207 1123.7585888871 1069.8958834154 1020.6186453101 1003.5653309647 1003.5642754148 1010.748477171 1046.7609354317 1069.0015194877 1080.298583829 1093.1272830707 1082.1626407385 1075.7244447503 1073.6854179479 1067.928822364
818.48237830381 835.56602832956 818.60457838821 808.41735000961 814.29880874349 813.79287903092 804.40538877052 763.51367719194 759.31842777479 822.77643444007 865.56736438049 899.46739176063 923.91271502696 936.20319741718 910.42514269504 894.96266141627 814.33074007143 802.08513667628 841.82788954893 880.61798012651 912.31970890259 947.78824619847 986.05999719648 986.91673432093 988.47079951994 996.66942749738 1002.7688197446 1005.1534094117 994.14953379137 1012.1991993573 1040.786841515 1085.9346005402 1099.8231382115 1112.5078377783 1101.6487462393 1075.7758892606 1058.5933491025 1060.5363927373 1074.9786915766 1084.4492732057 1072.9126345376 1058.406627825 1047.8852228176 1051.8239653586 1053.8672318096 1051.0108666829 1045.0184068847
780.85466396564 790.6484847623 774.89343353219 776.65496952346 803.40409066252 804.02979654505 743.78103868901 735.80037384091 762.06460247869 777.22565794902 806.82005647276 830.20475033931 841.53406086209 855.64249997246 847.89306350741 827.02863004788 782.38169374683 794.4481887844 837.43223672836 875.33612684828 890.62958762029 917.95481293448 946.95723916747 971.84489940337 968.82284289541 987.12162019172 980.83385106142 955.70050006623 950.72582099409 962.93219049683 975.32052137789 1001.6084797783 1033.7633861843 1061.297383442 1070.1225775554 1060.9540582162 1061.1186158825 1081.9463651825 1090.319784098 1068.6294133938 1040.3602868117 1010.2285471422 991.39427020361 990.43039384808 986.32872540201 999.28952667309 1005.005796873
752.77648365529 741.6034635307 738.42560178379 755.41328462111 783.35398687786 770.6850892777 726.11126144012 729.95495604368 748.73130974459 773.65287947262 787.4472203449 794.70759066141 808.26995238846 822.24278204746 825.19284977536 787.88886225179 779.90313231041 825.59946090336 864.92602853591 872.75047994515 858.48099951182 872.21323529354 878.26615237641 893.52806396762 905.32813077938 933.99736887707 940.27810255821 911.48152087147 916.28662792015 925.91373045034 936.01437053651 971.18665345997 1006.0987210535 1020.9030270813 1025.0213703623 1007.1075741463 1007.8931335797 1031.2621104424 1044.1655909863 1030.3844878287 1008.5415282097 987.00125653167 958.01635131331 992.32473316333 1021.5020724016 1038.8966180541 1046.9021855979
691.09831739109 695.3870822541 714.07682301839 737.94651586005 752.73738715821 748.68070262252 708.93296866402 728.25167189134 751.91780607041 778.62445992781 761.74695583923 769.16517363643 778.62113337649 783.57739342225 782.02894743804 752.67763484257 771.78687845527 778.20147981907 793.73350220654 806.21463630152 815.88011891363 827.34706170845 826.28039244634 836.43883716185 852.14425445996 862.1280790143 869.99052085535 865.48386987594 867.86324321093 882.06500811926 924.60357164153 942.43130703132 954.80532040069 982.57726860558 972.74712538851 959.95551127951 971.93794050379 985.21216359707 986.23803497313 985.69608326085 977.00358736489 952.51530485385 954.49907890951 986.51769548071 1017.279044608 1030.5786335744 1008.4985797758
640.37780989739 655.88238866659 673.8569739239 703.48383295437 723.49325445916 728.9482799351 702.73859370236 709.94280951661 726.54559998904 705.16388263574 724.17735390432 720.69257668843 746.66640973453 765.31304246546 772.63215618273 740.71858427955 742.99774135527 748.77468050311 751.73469714296 760.98468848514 763.6398247849 772.93344009103 783.36761067652 791.29563605865 805.94770113966 795.6156828351 802.7039835356 829.54204229917 824.70540351298 855.3470192509 880.59649078338 900.07704687997 926.8391652017 954.46732657217 949.63128712132 940.02908234788 953.27644389698 965.15381188906 963.71890345827 954.75689224266 944.24390215059 928.65694404437 950.34661867968 971.23219201476 985.79915974286 978.83157857632 1005.2325955008
674.84746825631 671.30857925491 651.64524174244 648.95394709258 673.91878322463 684.04456519485 686.57392947147 673.42034451659 682.05332179873 679.87152191805 689.1327827236 693.60167577333 690.10225619252 696.22526781028 703.9199599863 711.58678496275 740.20337276043 776.18855352177 790.58058708827 805.31604327801 813.8295084887 809.33594174549 810.01031505036 813.41097119009 823.56544126249 828.15716322418 833.96243651967 850.90007598004 872.33074893822 887.68870326057 899.7635428393 917.44689893847 932.52506303505 953.46899378558 936.51561949567 921.50854154861 932.74441550551 935.96955106088 926.03695494328 918.2852782789 912.24635826735 929.30761872871 939.772773171 946.6723041581 971.57594327706 1003.8562246535 1028.1133877449
764.81705465242 751.35501769496 714.4739950975 689.13245816251 664.80108943221 661.95365651645 671.18812649674 704.48545306937 748.47397473444 748.30438983165 747.53551654741 768.1223609018 766.59216583604 748.73860936585 722.60905258466 745.27769918371 792.91732147925 818.68887748193 847.1724816208 865.02844964163 884.87572392961 904.57597496554 901.1571292601 908.00124849928 921.49737124373 927.80087068912 912.46065587509 931.58216862653 937.52917984449 930.96566555573 941.94241593263 936.15726497488 920.49043166151 928.48322998185 937.84049695947 908.56748607612 912.69700439801 909.99323448772 906.8228926 912.10446907494 917.88756744532 939.68208394382 950.13036062897 970.59675504458 1005.8985979483 1040.909294324 1065.2131172572
802.00835965709 795.06440697394 783.61408376737 753.62097344997 722.0481746115 696.27573320392 728.71060639722 762.54460677058 792.6055145817 802.93768533301 792.37391943779 796.29808903369 828.4669444503 805.08779414832 780.67706921483 788.75080401568 784.84916410104 796.42808399158 829.74067045465 859.37513840819 895.65769285378 908.96903006036 913.15176831794 932.24807603091 944.30204829567 976.52862469687 983.89092221382 970.96267084874 953.02012798488 934.92766380441 914.72445603332 910.2400051939 907.92187424925 895.45446246993 888.73982244458 898.10898582348 909.11503968129 929.86622501868 943.36348774808 951.38449860646 948.99135263088 935.91848389666 959.14782470755 994.93819448386 1016.8194250905 1040.1519715607 1081.2619905263
767.65730583162 791.59190876625 791.82481139736 782.32351741967 773.20573900094 757.00181595804 735.02687712828 763.64630706117 798.39558187391 823.81762378392 853.02244332699 857.68524174141 858.28434613734 857.39820186984 848.52365431861 852.82399749118 853.69324524071 869.11381219117 887.94713067717 884.57983994075 870.90241189355 845.49716455064 864.21836042671 887.52836392674 929.50552327688 978.65471241829 996.06332801021 980.27202216065 973.55971266614 968.78190619625 941.91574530269 897.72067428334 872.74344064805 897.77296494895 936.16236352865 947.60325100714 967.64560072361 990.19099777737 1009.7785476014 1003.3615475374 1006.6642674526 986.90159856121 964.99354882104 986.98736183477 1008.1600318034 1030.2164393567 1059.8178321106
